{
 "cells": [
  {
   "cell_type": "markdown",
   "metadata": {
    "toc": true
   },
   "source": [
    "<h1>ANOVOS - Association Evaluator<span class=\"tocSkip\"></span></h1>\n",
    "<p> Following notebook shows the list of functions related to \"asociation evaultion\" module provided under ANOVOS package and how it can be invoked accordingly</p>\n",
    "<div class=\"toc\"><ul class=\"toc-item\"><li><span><a href=\"#Correlation-Matrix\" data-toc-modified-id=\"Correlation-Matrix-1\">Correlation Matrix</a></span></li><li><span><a href=\"#Variable-Clustering\" data-toc-modified-id=\"Variable-Clustering-2\">Variable Clustering</a></span></li><li><span><a href=\"#Information-Value-(IV)\" data-toc-modified-id=\"Information-Value-(IV)-3\">Information Value (IV)</a></span></li><li><span><a href=\"#Information-Gain-(IG)\" data-toc-modified-id=\"Information-Gain-(IG)-4\">Information Gain (IG)</a></span></li></ul></div>"
   ]
  },
  {
   "cell_type": "markdown",
   "metadata": {},
   "source": [
    "**Setting Spark Session**"
   ]
  },
  {
   "cell_type": "code",
   "execution_count": 1,
   "metadata": {},
   "outputs": [],
   "source": [
    "from anovos.shared.spark import *"
   ]
  },
  {
   "cell_type": "markdown",
   "metadata": {},
   "source": [
    "**Input/Output Path**"
   ]
  },
  {
   "cell_type": "code",
   "execution_count": 2,
   "metadata": {},
   "outputs": [],
   "source": [
    "inputPath = \"../data/income_dataset/csv\"\n",
    "outputPath = \"../output/income_dataset/data_analyzer\""
   ]
  },
  {
   "cell_type": "code",
   "execution_count": 3,
   "metadata": {},
   "outputs": [],
   "source": [
    "from anovos.data_ingest.data_ingest import read_dataset"
   ]
  },
  {
   "cell_type": "code",
   "execution_count": 4,
   "metadata": {
    "scrolled": true
   },
   "outputs": [
    {
     "data": {
      "text/html": [
       "<div>\n",
       "<style scoped>\n",
       "    .dataframe tbody tr th:only-of-type {\n",
       "        vertical-align: middle;\n",
       "    }\n",
       "\n",
       "    .dataframe tbody tr th {\n",
       "        vertical-align: top;\n",
       "    }\n",
       "\n",
       "    .dataframe thead th {\n",
       "        text-align: right;\n",
       "    }\n",
       "</style>\n",
       "<table border=\"1\" class=\"dataframe\">\n",
       "  <thead>\n",
       "    <tr style=\"text-align: right;\">\n",
       "      <th></th>\n",
       "      <th>ifa</th>\n",
       "      <th>age</th>\n",
       "      <th>workclass</th>\n",
       "      <th>fnlwgt</th>\n",
       "      <th>logfnl</th>\n",
       "      <th>empty</th>\n",
       "      <th>education</th>\n",
       "      <th>education-num</th>\n",
       "      <th>marital-status</th>\n",
       "      <th>occupation</th>\n",
       "      <th>relationship</th>\n",
       "      <th>race</th>\n",
       "      <th>sex</th>\n",
       "      <th>capital-gain</th>\n",
       "      <th>capital-loss</th>\n",
       "      <th>hours-per-week</th>\n",
       "      <th>native-country</th>\n",
       "      <th>income</th>\n",
       "      <th>label</th>\n",
       "    </tr>\n",
       "  </thead>\n",
       "  <tbody>\n",
       "    <tr>\n",
       "      <th>0</th>\n",
       "      <td>1a</td>\n",
       "      <td>NaN</td>\n",
       "      <td>State-gov</td>\n",
       "      <td>77516.0</td>\n",
       "      <td>4.889391</td>\n",
       "      <td>None</td>\n",
       "      <td>Bachelors</td>\n",
       "      <td>13.0</td>\n",
       "      <td>Never-married</td>\n",
       "      <td>Adm-clerical</td>\n",
       "      <td>Not-in-family</td>\n",
       "      <td>White</td>\n",
       "      <td>Male</td>\n",
       "      <td>2174.0</td>\n",
       "      <td>0.0</td>\n",
       "      <td>40.0</td>\n",
       "      <td>UnitedStates</td>\n",
       "      <td>&lt;=50K</td>\n",
       "      <td>0</td>\n",
       "    </tr>\n",
       "    <tr>\n",
       "      <th>1</th>\n",
       "      <td>2a</td>\n",
       "      <td>NaN</td>\n",
       "      <td>Self-emp-not-inc</td>\n",
       "      <td>83311.0</td>\n",
       "      <td>4.920702</td>\n",
       "      <td>None</td>\n",
       "      <td>Bachelors</td>\n",
       "      <td>13.0</td>\n",
       "      <td>Married-civ-spouse</td>\n",
       "      <td>Exec-managerial</td>\n",
       "      <td>Husband</td>\n",
       "      <td>White</td>\n",
       "      <td>Male</td>\n",
       "      <td>0.0</td>\n",
       "      <td>0.0</td>\n",
       "      <td>13.0</td>\n",
       "      <td>UnitedStates</td>\n",
       "      <td>&lt;=50K</td>\n",
       "      <td>0</td>\n",
       "    </tr>\n",
       "    <tr>\n",
       "      <th>2</th>\n",
       "      <td>3a</td>\n",
       "      <td>38.0</td>\n",
       "      <td>Private</td>\n",
       "      <td>215646.0</td>\n",
       "      <td>5.333741</td>\n",
       "      <td>None</td>\n",
       "      <td>HS-grad</td>\n",
       "      <td>9.0</td>\n",
       "      <td>Divorced</td>\n",
       "      <td>Handlers-cleaners</td>\n",
       "      <td>Not-in-family</td>\n",
       "      <td>White</td>\n",
       "      <td>Male</td>\n",
       "      <td>0.0</td>\n",
       "      <td>0.0</td>\n",
       "      <td>40.0</td>\n",
       "      <td>UnitedStates</td>\n",
       "      <td>&lt;=50K</td>\n",
       "      <td>0</td>\n",
       "    </tr>\n",
       "    <tr>\n",
       "      <th>3</th>\n",
       "      <td>4a</td>\n",
       "      <td>53.0</td>\n",
       "      <td>Private</td>\n",
       "      <td>234721.0</td>\n",
       "      <td>5.370552</td>\n",
       "      <td>None</td>\n",
       "      <td>11th</td>\n",
       "      <td>7.0</td>\n",
       "      <td>Married-civ-spouse</td>\n",
       "      <td>Handlers-cleaners</td>\n",
       "      <td>Husband</td>\n",
       "      <td>Black</td>\n",
       "      <td>Male</td>\n",
       "      <td>0.0</td>\n",
       "      <td>0.0</td>\n",
       "      <td>40.0</td>\n",
       "      <td>UnitedStates</td>\n",
       "      <td>&lt;=50K</td>\n",
       "      <td>0</td>\n",
       "    </tr>\n",
       "    <tr>\n",
       "      <th>4</th>\n",
       "      <td>5a</td>\n",
       "      <td>NaN</td>\n",
       "      <td>Private</td>\n",
       "      <td>338409.0</td>\n",
       "      <td>5.529442</td>\n",
       "      <td>None</td>\n",
       "      <td>Bachelors</td>\n",
       "      <td>13.0</td>\n",
       "      <td>Married-civ-spouse</td>\n",
       "      <td>Prof-specialty</td>\n",
       "      <td>Wife</td>\n",
       "      <td>Black</td>\n",
       "      <td>Female</td>\n",
       "      <td>0.0</td>\n",
       "      <td>0.0</td>\n",
       "      <td>40.0</td>\n",
       "      <td>Cuba</td>\n",
       "      <td>&lt;=50K</td>\n",
       "      <td>0</td>\n",
       "    </tr>\n",
       "  </tbody>\n",
       "</table>\n",
       "</div>"
      ],
      "text/plain": [
       "  ifa   age         workclass    fnlwgt    logfnl empty  education  \\\n",
       "0  1a   NaN         State-gov   77516.0  4.889391  None  Bachelors   \n",
       "1  2a   NaN  Self-emp-not-inc   83311.0  4.920702  None  Bachelors   \n",
       "2  3a  38.0           Private  215646.0  5.333741  None    HS-grad   \n",
       "3  4a  53.0           Private  234721.0  5.370552  None       11th   \n",
       "4  5a   NaN           Private  338409.0  5.529442  None  Bachelors   \n",
       "\n",
       "   education-num      marital-status         occupation   relationship   race  \\\n",
       "0           13.0       Never-married       Adm-clerical  Not-in-family  White   \n",
       "1           13.0  Married-civ-spouse    Exec-managerial        Husband  White   \n",
       "2            9.0            Divorced  Handlers-cleaners  Not-in-family  White   \n",
       "3            7.0  Married-civ-spouse  Handlers-cleaners        Husband  Black   \n",
       "4           13.0  Married-civ-spouse     Prof-specialty           Wife  Black   \n",
       "\n",
       "      sex  capital-gain  capital-loss  hours-per-week native-country income  \\\n",
       "0    Male        2174.0           0.0            40.0   UnitedStates  <=50K   \n",
       "1    Male           0.0           0.0            13.0   UnitedStates  <=50K   \n",
       "2    Male           0.0           0.0            40.0   UnitedStates  <=50K   \n",
       "3    Male           0.0           0.0            40.0   UnitedStates  <=50K   \n",
       "4  Female           0.0           0.0            40.0           Cuba  <=50K   \n",
       "\n",
       "   label  \n",
       "0      0  \n",
       "1      0  \n",
       "2      0  \n",
       "3      0  \n",
       "4      0  "
      ]
     },
     "execution_count": 4,
     "metadata": {},
     "output_type": "execute_result"
    }
   ],
   "source": [
    "df = read_dataset(file_path = inputPath, file_type = \"csv\",file_configs = {\"header\": \"True\", \n",
    "                                                                           \"delimiter\": \",\" , \n",
    "                                                                           \"inferSchema\": \"True\"})\n",
    "df.toPandas().head(5)"
   ]
  },
  {
   "cell_type": "markdown",
   "metadata": {},
   "source": [
    "# Correlation Matrix\n",
    "- API specification of function correlation_matrix can be found <a href=\"../api_specification/com/mw/ds/data_analyzer/association_evaluator.html#com.mw.ds.data_analyzer.association_evaluator.correlation_matrix\">here</a>"
   ]
  },
  {
   "cell_type": "code",
   "execution_count": 5,
   "metadata": {},
   "outputs": [],
   "source": [
    "from anovos.data_analyzer.association_evaluator import correlation_matrix"
   ]
  },
  {
   "cell_type": "code",
   "execution_count": 6,
   "metadata": {},
   "outputs": [
    {
     "name": "stderr",
     "output_type": "stream",
     "text": [
      "2021-10-28 13:35:52,391 INFO [histogram_filler_base]: Filling 153 specified histograms. auto-binning.\n",
      "100%|█████████████████████████████████████████████████████████████| 153/153 [00:10<00:00, 14.74it/s]\n"
     ]
    },
    {
     "data": {
      "text/html": [
       "<div>\n",
       "<style scoped>\n",
       "    .dataframe tbody tr th:only-of-type {\n",
       "        vertical-align: middle;\n",
       "    }\n",
       "\n",
       "    .dataframe tbody tr th {\n",
       "        vertical-align: top;\n",
       "    }\n",
       "\n",
       "    .dataframe thead th {\n",
       "        text-align: right;\n",
       "    }\n",
       "</style>\n",
       "<table border=\"1\" class=\"dataframe\">\n",
       "  <thead>\n",
       "    <tr style=\"text-align: right;\">\n",
       "      <th></th>\n",
       "      <th>age</th>\n",
       "      <th>capital-gain</th>\n",
       "      <th>capital-loss</th>\n",
       "      <th>education</th>\n",
       "      <th>education-num</th>\n",
       "      <th>fnlwgt</th>\n",
       "      <th>hours-per-week</th>\n",
       "      <th>income</th>\n",
       "      <th>label</th>\n",
       "      <th>logfnl</th>\n",
       "      <th>marital-status</th>\n",
       "      <th>native-country</th>\n",
       "      <th>occupation</th>\n",
       "      <th>race</th>\n",
       "      <th>relationship</th>\n",
       "      <th>sex</th>\n",
       "      <th>workclass</th>\n",
       "      <th>attribute</th>\n",
       "    </tr>\n",
       "  </thead>\n",
       "  <tbody>\n",
       "    <tr>\n",
       "      <th>0</th>\n",
       "      <td>1.000000</td>\n",
       "      <td>0.210563</td>\n",
       "      <td>0.136960</td>\n",
       "      <td>0.351468</td>\n",
       "      <td>0.354668</td>\n",
       "      <td>0.093912</td>\n",
       "      <td>0.381988</td>\n",
       "      <td>0.371282</td>\n",
       "      <td>0.371282</td>\n",
       "      <td>0.100947</td>\n",
       "      <td>0.567636</td>\n",
       "      <td>0.090161</td>\n",
       "      <td>0.317458</td>\n",
       "      <td>0.037570</td>\n",
       "      <td>0.518391</td>\n",
       "      <td>0.136002</td>\n",
       "      <td>0.302070</td>\n",
       "      <td>age</td>\n",
       "    </tr>\n",
       "    <tr>\n",
       "      <th>1</th>\n",
       "      <td>0.210563</td>\n",
       "      <td>1.000000</td>\n",
       "      <td>0.000000</td>\n",
       "      <td>0.232282</td>\n",
       "      <td>0.278753</td>\n",
       "      <td>0.000000</td>\n",
       "      <td>0.131200</td>\n",
       "      <td>0.363159</td>\n",
       "      <td>0.363159</td>\n",
       "      <td>0.000000</td>\n",
       "      <td>0.147185</td>\n",
       "      <td>0.000000</td>\n",
       "      <td>0.150385</td>\n",
       "      <td>0.000000</td>\n",
       "      <td>0.156717</td>\n",
       "      <td>0.077803</td>\n",
       "      <td>0.104854</td>\n",
       "      <td>capital-gain</td>\n",
       "    </tr>\n",
       "    <tr>\n",
       "      <th>2</th>\n",
       "      <td>0.136960</td>\n",
       "      <td>0.000000</td>\n",
       "      <td>1.000000</td>\n",
       "      <td>0.137968</td>\n",
       "      <td>0.097767</td>\n",
       "      <td>0.000000</td>\n",
       "      <td>0.063151</td>\n",
       "      <td>0.236992</td>\n",
       "      <td>0.236992</td>\n",
       "      <td>0.000000</td>\n",
       "      <td>0.139274</td>\n",
       "      <td>0.024224</td>\n",
       "      <td>0.075212</td>\n",
       "      <td>0.000000</td>\n",
       "      <td>0.135975</td>\n",
       "      <td>0.090275</td>\n",
       "      <td>0.050194</td>\n",
       "      <td>capital-loss</td>\n",
       "    </tr>\n",
       "    <tr>\n",
       "      <th>3</th>\n",
       "      <td>0.351468</td>\n",
       "      <td>0.232282</td>\n",
       "      <td>0.137968</td>\n",
       "      <td>1.000000</td>\n",
       "      <td>0.999993</td>\n",
       "      <td>0.062800</td>\n",
       "      <td>0.214868</td>\n",
       "      <td>0.408941</td>\n",
       "      <td>0.408941</td>\n",
       "      <td>0.084964</td>\n",
       "      <td>0.615107</td>\n",
       "      <td>0.416369</td>\n",
       "      <td>0.495816</td>\n",
       "      <td>0.250895</td>\n",
       "      <td>0.385173</td>\n",
       "      <td>0.111322</td>\n",
       "      <td>0.234612</td>\n",
       "      <td>education</td>\n",
       "    </tr>\n",
       "    <tr>\n",
       "      <th>4</th>\n",
       "      <td>0.354668</td>\n",
       "      <td>0.278753</td>\n",
       "      <td>0.097767</td>\n",
       "      <td>0.999993</td>\n",
       "      <td>1.000000</td>\n",
       "      <td>0.065085</td>\n",
       "      <td>0.270328</td>\n",
       "      <td>0.467219</td>\n",
       "      <td>0.467219</td>\n",
       "      <td>0.087599</td>\n",
       "      <td>0.193128</td>\n",
       "      <td>0.421516</td>\n",
       "      <td>0.590182</td>\n",
       "      <td>0.119653</td>\n",
       "      <td>0.227612</td>\n",
       "      <td>0.112019</td>\n",
       "      <td>0.227179</td>\n",
       "      <td>education-num</td>\n",
       "    </tr>\n",
       "    <tr>\n",
       "      <th>5</th>\n",
       "      <td>0.093912</td>\n",
       "      <td>0.000000</td>\n",
       "      <td>0.000000</td>\n",
       "      <td>0.062800</td>\n",
       "      <td>0.065085</td>\n",
       "      <td>1.000000</td>\n",
       "      <td>0.032893</td>\n",
       "      <td>0.045367</td>\n",
       "      <td>0.045367</td>\n",
       "      <td>0.935518</td>\n",
       "      <td>0.069952</td>\n",
       "      <td>0.172020</td>\n",
       "      <td>0.079118</td>\n",
       "      <td>0.134013</td>\n",
       "      <td>0.037772</td>\n",
       "      <td>0.018828</td>\n",
       "      <td>0.061851</td>\n",
       "      <td>fnlwgt</td>\n",
       "    </tr>\n",
       "    <tr>\n",
       "      <th>6</th>\n",
       "      <td>0.381988</td>\n",
       "      <td>0.131200</td>\n",
       "      <td>0.063151</td>\n",
       "      <td>0.214868</td>\n",
       "      <td>0.270328</td>\n",
       "      <td>0.032893</td>\n",
       "      <td>1.000000</td>\n",
       "      <td>0.310192</td>\n",
       "      <td>0.310192</td>\n",
       "      <td>0.079669</td>\n",
       "      <td>0.264090</td>\n",
       "      <td>0.073563</td>\n",
       "      <td>0.346109</td>\n",
       "      <td>0.114166</td>\n",
       "      <td>0.322045</td>\n",
       "      <td>0.323359</td>\n",
       "      <td>0.279103</td>\n",
       "      <td>hours-per-week</td>\n",
       "    </tr>\n",
       "    <tr>\n",
       "      <th>7</th>\n",
       "      <td>0.371282</td>\n",
       "      <td>0.363159</td>\n",
       "      <td>0.236992</td>\n",
       "      <td>0.408941</td>\n",
       "      <td>0.467219</td>\n",
       "      <td>0.045367</td>\n",
       "      <td>0.310192</td>\n",
       "      <td>1.000000</td>\n",
       "      <td>1.000000</td>\n",
       "      <td>0.067692</td>\n",
       "      <td>0.591336</td>\n",
       "      <td>0.115731</td>\n",
       "      <td>0.446535</td>\n",
       "      <td>0.131476</td>\n",
       "      <td>0.452741</td>\n",
       "      <td>0.323706</td>\n",
       "      <td>0.230552</td>\n",
       "      <td>income</td>\n",
       "    </tr>\n",
       "    <tr>\n",
       "      <th>8</th>\n",
       "      <td>0.371282</td>\n",
       "      <td>0.363159</td>\n",
       "      <td>0.236992</td>\n",
       "      <td>0.408941</td>\n",
       "      <td>0.467219</td>\n",
       "      <td>0.045367</td>\n",
       "      <td>0.310192</td>\n",
       "      <td>1.000000</td>\n",
       "      <td>1.000000</td>\n",
       "      <td>0.067692</td>\n",
       "      <td>0.591336</td>\n",
       "      <td>0.115731</td>\n",
       "      <td>0.446535</td>\n",
       "      <td>0.131476</td>\n",
       "      <td>0.452741</td>\n",
       "      <td>0.323706</td>\n",
       "      <td>0.230552</td>\n",
       "      <td>label</td>\n",
       "    </tr>\n",
       "    <tr>\n",
       "      <th>9</th>\n",
       "      <td>0.100947</td>\n",
       "      <td>0.000000</td>\n",
       "      <td>0.000000</td>\n",
       "      <td>0.084964</td>\n",
       "      <td>0.087599</td>\n",
       "      <td>0.935518</td>\n",
       "      <td>0.079669</td>\n",
       "      <td>0.067692</td>\n",
       "      <td>0.067692</td>\n",
       "      <td>1.000000</td>\n",
       "      <td>0.059919</td>\n",
       "      <td>0.196478</td>\n",
       "      <td>0.110344</td>\n",
       "      <td>0.187069</td>\n",
       "      <td>0.064678</td>\n",
       "      <td>0.031693</td>\n",
       "      <td>0.080529</td>\n",
       "      <td>logfnl</td>\n",
       "    </tr>\n",
       "    <tr>\n",
       "      <th>10</th>\n",
       "      <td>0.567636</td>\n",
       "      <td>0.147185</td>\n",
       "      <td>0.139274</td>\n",
       "      <td>0.615107</td>\n",
       "      <td>0.193128</td>\n",
       "      <td>0.069952</td>\n",
       "      <td>0.264090</td>\n",
       "      <td>0.591336</td>\n",
       "      <td>0.591336</td>\n",
       "      <td>0.059919</td>\n",
       "      <td>1.000000</td>\n",
       "      <td>0.152067</td>\n",
       "      <td>0.351355</td>\n",
       "      <td>0.246052</td>\n",
       "      <td>0.713109</td>\n",
       "      <td>0.547093</td>\n",
       "      <td>0.201391</td>\n",
       "      <td>marital-status</td>\n",
       "    </tr>\n",
       "    <tr>\n",
       "      <th>11</th>\n",
       "      <td>0.090161</td>\n",
       "      <td>0.000000</td>\n",
       "      <td>0.024224</td>\n",
       "      <td>0.416369</td>\n",
       "      <td>0.421516</td>\n",
       "      <td>0.172020</td>\n",
       "      <td>0.073563</td>\n",
       "      <td>0.115731</td>\n",
       "      <td>0.115731</td>\n",
       "      <td>0.196478</td>\n",
       "      <td>0.152067</td>\n",
       "      <td>1.000000</td>\n",
       "      <td>0.229639</td>\n",
       "      <td>0.630329</td>\n",
       "      <td>0.166632</td>\n",
       "      <td>0.078009</td>\n",
       "      <td>0.458213</td>\n",
       "      <td>native-country</td>\n",
       "    </tr>\n",
       "    <tr>\n",
       "      <th>12</th>\n",
       "      <td>0.317458</td>\n",
       "      <td>0.150385</td>\n",
       "      <td>0.075212</td>\n",
       "      <td>0.495816</td>\n",
       "      <td>0.590182</td>\n",
       "      <td>0.079118</td>\n",
       "      <td>0.346109</td>\n",
       "      <td>0.446535</td>\n",
       "      <td>0.446535</td>\n",
       "      <td>0.110344</td>\n",
       "      <td>0.351355</td>\n",
       "      <td>0.229639</td>\n",
       "      <td>1.000000</td>\n",
       "      <td>0.154366</td>\n",
       "      <td>0.528692</td>\n",
       "      <td>0.716283</td>\n",
       "      <td>0.741602</td>\n",
       "      <td>occupation</td>\n",
       "    </tr>\n",
       "    <tr>\n",
       "      <th>13</th>\n",
       "      <td>0.037570</td>\n",
       "      <td>0.000000</td>\n",
       "      <td>0.000000</td>\n",
       "      <td>0.250895</td>\n",
       "      <td>0.119653</td>\n",
       "      <td>0.134013</td>\n",
       "      <td>0.114166</td>\n",
       "      <td>0.131476</td>\n",
       "      <td>0.131476</td>\n",
       "      <td>0.187069</td>\n",
       "      <td>0.246052</td>\n",
       "      <td>0.630329</td>\n",
       "      <td>0.154366</td>\n",
       "      <td>1.000000</td>\n",
       "      <td>0.600369</td>\n",
       "      <td>0.608577</td>\n",
       "      <td>0.085917</td>\n",
       "      <td>race</td>\n",
       "    </tr>\n",
       "    <tr>\n",
       "      <th>14</th>\n",
       "      <td>0.518391</td>\n",
       "      <td>0.156717</td>\n",
       "      <td>0.135975</td>\n",
       "      <td>0.385173</td>\n",
       "      <td>0.227612</td>\n",
       "      <td>0.037772</td>\n",
       "      <td>0.322045</td>\n",
       "      <td>0.452741</td>\n",
       "      <td>0.452741</td>\n",
       "      <td>0.064678</td>\n",
       "      <td>0.713109</td>\n",
       "      <td>0.166632</td>\n",
       "      <td>0.528692</td>\n",
       "      <td>0.600369</td>\n",
       "      <td>1.000000</td>\n",
       "      <td>0.890410</td>\n",
       "      <td>0.181764</td>\n",
       "      <td>relationship</td>\n",
       "    </tr>\n",
       "    <tr>\n",
       "      <th>15</th>\n",
       "      <td>0.136002</td>\n",
       "      <td>0.077803</td>\n",
       "      <td>0.090275</td>\n",
       "      <td>0.111322</td>\n",
       "      <td>0.112019</td>\n",
       "      <td>0.018828</td>\n",
       "      <td>0.323359</td>\n",
       "      <td>0.323706</td>\n",
       "      <td>0.323706</td>\n",
       "      <td>0.031693</td>\n",
       "      <td>0.547093</td>\n",
       "      <td>0.078009</td>\n",
       "      <td>0.716283</td>\n",
       "      <td>0.608577</td>\n",
       "      <td>0.890410</td>\n",
       "      <td>1.000000</td>\n",
       "      <td>0.186017</td>\n",
       "      <td>sex</td>\n",
       "    </tr>\n",
       "    <tr>\n",
       "      <th>16</th>\n",
       "      <td>0.302070</td>\n",
       "      <td>0.104854</td>\n",
       "      <td>0.050194</td>\n",
       "      <td>0.234612</td>\n",
       "      <td>0.227179</td>\n",
       "      <td>0.061851</td>\n",
       "      <td>0.279103</td>\n",
       "      <td>0.230552</td>\n",
       "      <td>0.230552</td>\n",
       "      <td>0.080529</td>\n",
       "      <td>0.201391</td>\n",
       "      <td>0.458213</td>\n",
       "      <td>0.741602</td>\n",
       "      <td>0.085917</td>\n",
       "      <td>0.181764</td>\n",
       "      <td>0.186017</td>\n",
       "      <td>1.000000</td>\n",
       "      <td>workclass</td>\n",
       "    </tr>\n",
       "  </tbody>\n",
       "</table>\n",
       "</div>"
      ],
      "text/plain": [
       "         age  capital-gain  capital-loss  education  education-num    fnlwgt  \\\n",
       "0   1.000000      0.210563      0.136960   0.351468       0.354668  0.093912   \n",
       "1   0.210563      1.000000      0.000000   0.232282       0.278753  0.000000   \n",
       "2   0.136960      0.000000      1.000000   0.137968       0.097767  0.000000   \n",
       "3   0.351468      0.232282      0.137968   1.000000       0.999993  0.062800   \n",
       "4   0.354668      0.278753      0.097767   0.999993       1.000000  0.065085   \n",
       "5   0.093912      0.000000      0.000000   0.062800       0.065085  1.000000   \n",
       "6   0.381988      0.131200      0.063151   0.214868       0.270328  0.032893   \n",
       "7   0.371282      0.363159      0.236992   0.408941       0.467219  0.045367   \n",
       "8   0.371282      0.363159      0.236992   0.408941       0.467219  0.045367   \n",
       "9   0.100947      0.000000      0.000000   0.084964       0.087599  0.935518   \n",
       "10  0.567636      0.147185      0.139274   0.615107       0.193128  0.069952   \n",
       "11  0.090161      0.000000      0.024224   0.416369       0.421516  0.172020   \n",
       "12  0.317458      0.150385      0.075212   0.495816       0.590182  0.079118   \n",
       "13  0.037570      0.000000      0.000000   0.250895       0.119653  0.134013   \n",
       "14  0.518391      0.156717      0.135975   0.385173       0.227612  0.037772   \n",
       "15  0.136002      0.077803      0.090275   0.111322       0.112019  0.018828   \n",
       "16  0.302070      0.104854      0.050194   0.234612       0.227179  0.061851   \n",
       "\n",
       "    hours-per-week    income     label    logfnl  marital-status  \\\n",
       "0         0.381988  0.371282  0.371282  0.100947        0.567636   \n",
       "1         0.131200  0.363159  0.363159  0.000000        0.147185   \n",
       "2         0.063151  0.236992  0.236992  0.000000        0.139274   \n",
       "3         0.214868  0.408941  0.408941  0.084964        0.615107   \n",
       "4         0.270328  0.467219  0.467219  0.087599        0.193128   \n",
       "5         0.032893  0.045367  0.045367  0.935518        0.069952   \n",
       "6         1.000000  0.310192  0.310192  0.079669        0.264090   \n",
       "7         0.310192  1.000000  1.000000  0.067692        0.591336   \n",
       "8         0.310192  1.000000  1.000000  0.067692        0.591336   \n",
       "9         0.079669  0.067692  0.067692  1.000000        0.059919   \n",
       "10        0.264090  0.591336  0.591336  0.059919        1.000000   \n",
       "11        0.073563  0.115731  0.115731  0.196478        0.152067   \n",
       "12        0.346109  0.446535  0.446535  0.110344        0.351355   \n",
       "13        0.114166  0.131476  0.131476  0.187069        0.246052   \n",
       "14        0.322045  0.452741  0.452741  0.064678        0.713109   \n",
       "15        0.323359  0.323706  0.323706  0.031693        0.547093   \n",
       "16        0.279103  0.230552  0.230552  0.080529        0.201391   \n",
       "\n",
       "    native-country  occupation      race  relationship       sex  workclass  \\\n",
       "0         0.090161    0.317458  0.037570      0.518391  0.136002   0.302070   \n",
       "1         0.000000    0.150385  0.000000      0.156717  0.077803   0.104854   \n",
       "2         0.024224    0.075212  0.000000      0.135975  0.090275   0.050194   \n",
       "3         0.416369    0.495816  0.250895      0.385173  0.111322   0.234612   \n",
       "4         0.421516    0.590182  0.119653      0.227612  0.112019   0.227179   \n",
       "5         0.172020    0.079118  0.134013      0.037772  0.018828   0.061851   \n",
       "6         0.073563    0.346109  0.114166      0.322045  0.323359   0.279103   \n",
       "7         0.115731    0.446535  0.131476      0.452741  0.323706   0.230552   \n",
       "8         0.115731    0.446535  0.131476      0.452741  0.323706   0.230552   \n",
       "9         0.196478    0.110344  0.187069      0.064678  0.031693   0.080529   \n",
       "10        0.152067    0.351355  0.246052      0.713109  0.547093   0.201391   \n",
       "11        1.000000    0.229639  0.630329      0.166632  0.078009   0.458213   \n",
       "12        0.229639    1.000000  0.154366      0.528692  0.716283   0.741602   \n",
       "13        0.630329    0.154366  1.000000      0.600369  0.608577   0.085917   \n",
       "14        0.166632    0.528692  0.600369      1.000000  0.890410   0.181764   \n",
       "15        0.078009    0.716283  0.608577      0.890410  1.000000   0.186017   \n",
       "16        0.458213    0.741602  0.085917      0.181764  0.186017   1.000000   \n",
       "\n",
       "         attribute  \n",
       "0              age  \n",
       "1     capital-gain  \n",
       "2     capital-loss  \n",
       "3        education  \n",
       "4    education-num  \n",
       "5           fnlwgt  \n",
       "6   hours-per-week  \n",
       "7           income  \n",
       "8            label  \n",
       "9           logfnl  \n",
       "10  marital-status  \n",
       "11  native-country  \n",
       "12      occupation  \n",
       "13            race  \n",
       "14    relationship  \n",
       "15             sex  \n",
       "16       workclass  "
      ]
     },
     "execution_count": 6,
     "metadata": {},
     "output_type": "execute_result"
    }
   ],
   "source": [
    "# Example 1 - 'all' columns (excluding drop_cols) --- MUST remove high cardinality columns\n",
    "odf = correlation_matrix(idf = df, list_of_cols='all', drop_cols=['ifa'])\n",
    "odf.toPandas()"
   ]
  },
  {
   "cell_type": "code",
   "execution_count": 7,
   "metadata": {},
   "outputs": [
    {
     "name": "stderr",
     "output_type": "stream",
     "text": [
      "2021-10-28 13:36:05,536 INFO [histogram_filler_base]: Filling 15 specified histograms. auto-binning.\n",
      "100%|███████████████████████████████████████████████████████████████| 15/15 [00:00<00:00, 17.63it/s]\n"
     ]
    },
    {
     "data": {
      "text/html": [
       "<div>\n",
       "<style scoped>\n",
       "    .dataframe tbody tr th:only-of-type {\n",
       "        vertical-align: middle;\n",
       "    }\n",
       "\n",
       "    .dataframe tbody tr th {\n",
       "        vertical-align: top;\n",
       "    }\n",
       "\n",
       "    .dataframe thead th {\n",
       "        text-align: right;\n",
       "    }\n",
       "</style>\n",
       "<table border=\"1\" class=\"dataframe\">\n",
       "  <thead>\n",
       "    <tr style=\"text-align: right;\">\n",
       "      <th></th>\n",
       "      <th>age</th>\n",
       "      <th>fnlwgt</th>\n",
       "      <th>race</th>\n",
       "      <th>sex</th>\n",
       "      <th>workclass</th>\n",
       "      <th>attribute</th>\n",
       "    </tr>\n",
       "  </thead>\n",
       "  <tbody>\n",
       "    <tr>\n",
       "      <th>0</th>\n",
       "      <td>1.000000</td>\n",
       "      <td>0.093912</td>\n",
       "      <td>0.037570</td>\n",
       "      <td>0.136002</td>\n",
       "      <td>0.302070</td>\n",
       "      <td>age</td>\n",
       "    </tr>\n",
       "    <tr>\n",
       "      <th>1</th>\n",
       "      <td>0.093912</td>\n",
       "      <td>1.000000</td>\n",
       "      <td>0.134013</td>\n",
       "      <td>0.018828</td>\n",
       "      <td>0.061078</td>\n",
       "      <td>fnlwgt</td>\n",
       "    </tr>\n",
       "    <tr>\n",
       "      <th>2</th>\n",
       "      <td>0.037570</td>\n",
       "      <td>0.134013</td>\n",
       "      <td>1.000000</td>\n",
       "      <td>0.608577</td>\n",
       "      <td>0.085917</td>\n",
       "      <td>race</td>\n",
       "    </tr>\n",
       "    <tr>\n",
       "      <th>3</th>\n",
       "      <td>0.136002</td>\n",
       "      <td>0.018828</td>\n",
       "      <td>0.608577</td>\n",
       "      <td>1.000000</td>\n",
       "      <td>0.186017</td>\n",
       "      <td>sex</td>\n",
       "    </tr>\n",
       "    <tr>\n",
       "      <th>4</th>\n",
       "      <td>0.302070</td>\n",
       "      <td>0.061078</td>\n",
       "      <td>0.085917</td>\n",
       "      <td>0.186017</td>\n",
       "      <td>1.000000</td>\n",
       "      <td>workclass</td>\n",
       "    </tr>\n",
       "  </tbody>\n",
       "</table>\n",
       "</div>"
      ],
      "text/plain": [
       "        age    fnlwgt      race       sex  workclass  attribute\n",
       "0  1.000000  0.093912  0.037570  0.136002   0.302070        age\n",
       "1  0.093912  1.000000  0.134013  0.018828   0.061078     fnlwgt\n",
       "2  0.037570  0.134013  1.000000  0.608577   0.085917       race\n",
       "3  0.136002  0.018828  0.608577  1.000000   0.186017        sex\n",
       "4  0.302070  0.061078  0.085917  0.186017   1.000000  workclass"
      ]
     },
     "execution_count": 7,
     "metadata": {},
     "output_type": "execute_result"
    }
   ],
   "source": [
    "# Example 2 - selected columns\n",
    "odf = correlation_matrix(idf = df, list_of_cols= ['age','sex','race','workclass','fnlwgt'])\n",
    "odf.toPandas()"
   ]
  },
  {
   "cell_type": "code",
   "execution_count": 8,
   "metadata": {},
   "outputs": [
    {
     "name": "stderr",
     "output_type": "stream",
     "text": [
      "2021-10-28 13:36:13,095 INFO [histogram_filler_base]: Filling 15 specified histograms. auto-binning.\n",
      "100%|███████████████████████████████████████████████████████████████| 15/15 [00:01<00:00, 15.00it/s]\n"
     ]
    },
    {
     "data": {
      "text/html": [
       "<div>\n",
       "<style scoped>\n",
       "    .dataframe tbody tr th:only-of-type {\n",
       "        vertical-align: middle;\n",
       "    }\n",
       "\n",
       "    .dataframe tbody tr th {\n",
       "        vertical-align: top;\n",
       "    }\n",
       "\n",
       "    .dataframe thead th {\n",
       "        text-align: right;\n",
       "    }\n",
       "</style>\n",
       "<table border=\"1\" class=\"dataframe\">\n",
       "  <thead>\n",
       "    <tr style=\"text-align: right;\">\n",
       "      <th></th>\n",
       "      <th>age</th>\n",
       "      <th>fnlwgt</th>\n",
       "      <th>race</th>\n",
       "      <th>sex</th>\n",
       "      <th>workclass</th>\n",
       "      <th>attribute</th>\n",
       "    </tr>\n",
       "  </thead>\n",
       "  <tbody>\n",
       "    <tr>\n",
       "      <th>0</th>\n",
       "      <td>1.000000</td>\n",
       "      <td>0.093912</td>\n",
       "      <td>0.037570</td>\n",
       "      <td>0.136002</td>\n",
       "      <td>0.302070</td>\n",
       "      <td>age</td>\n",
       "    </tr>\n",
       "    <tr>\n",
       "      <th>1</th>\n",
       "      <td>0.093912</td>\n",
       "      <td>1.000000</td>\n",
       "      <td>0.134013</td>\n",
       "      <td>0.018828</td>\n",
       "      <td>0.061078</td>\n",
       "      <td>fnlwgt</td>\n",
       "    </tr>\n",
       "    <tr>\n",
       "      <th>2</th>\n",
       "      <td>0.037570</td>\n",
       "      <td>0.134013</td>\n",
       "      <td>1.000000</td>\n",
       "      <td>0.608577</td>\n",
       "      <td>0.085917</td>\n",
       "      <td>race</td>\n",
       "    </tr>\n",
       "    <tr>\n",
       "      <th>3</th>\n",
       "      <td>0.136002</td>\n",
       "      <td>0.018828</td>\n",
       "      <td>0.608577</td>\n",
       "      <td>1.000000</td>\n",
       "      <td>0.186017</td>\n",
       "      <td>sex</td>\n",
       "    </tr>\n",
       "    <tr>\n",
       "      <th>4</th>\n",
       "      <td>0.302070</td>\n",
       "      <td>0.061078</td>\n",
       "      <td>0.085917</td>\n",
       "      <td>0.186017</td>\n",
       "      <td>1.000000</td>\n",
       "      <td>workclass</td>\n",
       "    </tr>\n",
       "  </tbody>\n",
       "</table>\n",
       "</div>"
      ],
      "text/plain": [
       "        age    fnlwgt      race       sex  workclass  attribute\n",
       "0  1.000000  0.093912  0.037570  0.136002   0.302070        age\n",
       "1  0.093912  1.000000  0.134013  0.018828   0.061078     fnlwgt\n",
       "2  0.037570  0.134013  1.000000  0.608577   0.085917       race\n",
       "3  0.136002  0.018828  0.608577  1.000000   0.186017        sex\n",
       "4  0.302070  0.061078  0.085917  0.186017   1.000000  workclass"
      ]
     },
     "execution_count": 8,
     "metadata": {},
     "output_type": "execute_result"
    }
   ],
   "source": [
    "# Example 3 - selected columns + presaved stats\n",
    "from anovos.data_analyzer.stats_generator import measures_of_cardinality\n",
    "from anovos.data_ingest.data_ingest import write_dataset\n",
    "unique = write_dataset(measures_of_cardinality(df),outputPath+\"/unique\",\"parquet\", file_configs={\"mode\":\"overwrite\"})\n",
    "\n",
    "odf = correlation_matrix(idf = df, list_of_cols= ['age','sex','race','workclass','fnlwgt'],\n",
    "                                  stats_unique={\"file_path\":outputPath+\"/unique\", \"file_type\": \"parquet\"})\n",
    "odf.toPandas()"
   ]
  },
  {
   "cell_type": "markdown",
   "metadata": {},
   "source": [
    "# Variable Clustering\n",
    "- API specification of function variable_clustering can be found <a href=\"../api_specification/com/mw/ds/data_analyzer/association_evaluator.html#com.mw.ds.data_analyzer.association_evaluator.variable_clustering\">here</a>\n",
    "- Valid only on smaller dataset which can fit into pandas dataframe. Sample size can controlled by sample_size argument (default value: 100,000)"
   ]
  },
  {
   "cell_type": "code",
   "execution_count": 9,
   "metadata": {},
   "outputs": [],
   "source": [
    "from anovos.data_analyzer.association_evaluator import variable_clustering"
   ]
  },
  {
   "cell_type": "code",
   "execution_count": 10,
   "metadata": {},
   "outputs": [
    {
     "data": {
      "text/html": [
       "<div>\n",
       "<style scoped>\n",
       "    .dataframe tbody tr th:only-of-type {\n",
       "        vertical-align: middle;\n",
       "    }\n",
       "\n",
       "    .dataframe tbody tr th {\n",
       "        vertical-align: top;\n",
       "    }\n",
       "\n",
       "    .dataframe thead th {\n",
       "        text-align: right;\n",
       "    }\n",
       "</style>\n",
       "<table border=\"1\" class=\"dataframe\">\n",
       "  <thead>\n",
       "    <tr style=\"text-align: right;\">\n",
       "      <th></th>\n",
       "      <th>Cluster</th>\n",
       "      <th>Attribute</th>\n",
       "      <th>RS_Ratio</th>\n",
       "    </tr>\n",
       "  </thead>\n",
       "  <tbody>\n",
       "    <tr>\n",
       "      <th>0</th>\n",
       "      <td>0</td>\n",
       "      <td>label</td>\n",
       "      <td>0.0218</td>\n",
       "    </tr>\n",
       "    <tr>\n",
       "      <th>1</th>\n",
       "      <td>0</td>\n",
       "      <td>income</td>\n",
       "      <td>0.0218</td>\n",
       "    </tr>\n",
       "    <tr>\n",
       "      <th>2</th>\n",
       "      <td>0</td>\n",
       "      <td>capital-loss</td>\n",
       "      <td>0.9241</td>\n",
       "    </tr>\n",
       "    <tr>\n",
       "      <th>3</th>\n",
       "      <td>1</td>\n",
       "      <td>marital-status</td>\n",
       "      <td>0.5308</td>\n",
       "    </tr>\n",
       "    <tr>\n",
       "      <th>4</th>\n",
       "      <td>1</td>\n",
       "      <td>relationship</td>\n",
       "      <td>0.3620</td>\n",
       "    </tr>\n",
       "    <tr>\n",
       "      <th>5</th>\n",
       "      <td>1</td>\n",
       "      <td>sex</td>\n",
       "      <td>0.3505</td>\n",
       "    </tr>\n",
       "    <tr>\n",
       "      <th>6</th>\n",
       "      <td>1</td>\n",
       "      <td>hours-per-week</td>\n",
       "      <td>0.8323</td>\n",
       "    </tr>\n",
       "    <tr>\n",
       "      <th>7</th>\n",
       "      <td>2</td>\n",
       "      <td>fnlwgt</td>\n",
       "      <td>0.2277</td>\n",
       "    </tr>\n",
       "    <tr>\n",
       "      <th>8</th>\n",
